world: world
x: 2683.1538468220688
y: 104.0
z: 889.752184771095
yaw: -264.00348
pitch: 9.900057
name: dixiacheng
