world: world
x: 805.5045529583074
y: 5.0
z: -142.52713006565455
yaw: -88.05141
pitch: 21.900108
name: dj
