world: world
x: 813.3283335966327
y: 4.5
z: -143.43232768579642
yaw: -88.65298
pitch: 23.55004
name: djfb
