world: world
x: 799.4089233301345
y: 4.5
z: -162.23400399882578
yaw: -175.053
pitch: 13.050175
name: djlb
