world: plotworld
x: 0.3739159151464685
y: 65.0
z: -3.077006713010546
yaw: 2.100079
pitch: 20.25001
name: dp
