world: world
x: 790.5072415103839
y: 4.0
z: -165.63351394394786
yaw: -179.55096
pitch: 27.449907
name: jys
