world: world
x: 808.6191800886845
y: 5.0
z: -128.9351664604546
yaw: 4.047333
pitch: 6.750177
name: laji
