world: world
x: 1993.8570031402703
y: 33.0
z: 494.580615149219
yaw: -157.80096
pitch: 37.050095
name: pvp
