world: world
x: 818.4787605968526
y: 4.0
z: -139.2409512667981
yaw: 0.4470006
pitch: 13.650182
name: qz
