spawns: 
  default: 
    world: world
    x: 793.1584023302364
    y: 5.0
    z: -142.62434388148938
    yaw: -84.30295
    pitch: 20.250187
  qingyu: 
    world: world
    x: 850.9240172181396
    y: 36.0
    z: 515.1494662391733
    yaw: -88.49286
    pitch: 21.25339
  builder: 
    world: world
    x: 793.1584023302364
    y: 5.0
    z: -142.62434388148938
    yaw: -84.30295
    pitch: 20.250187
