timestamps:
  login: 1488427570403
  lastteleport: 1488427581494
  logout: 1488426256021
ipAddress: 218.19.99.229
lastlocation:
  world: world
  x: 984.4268315018569
  y: 64.0
  z: -1213.029928589621
  yaw: -168.00539
  pitch: 16.800028
money: '100.0'
logoutlocation:
  world: world
  x: 803.1322280632501
  y: 5.0
  z: -143.73511495557764
  yaw: -132.45305
  pitch: 24.600025
afk: true
