timestamps:
  login: 1487323855566
  lastteleport: 1487325319836
ipAddress: 192.168.0.102
lastlocation:
  world: world
  x: 816.850728700557
  y: 4.0
  z: -143.98282363678734
  yaw: 291.61334
  pitch: 14.625147
money: '100.0'
