timestamps:
  login: 1487320898604
  logout: 1487321108790
ipAddress: 192.168.0.102
lastlocation:
  world: world
  x: 793.5235870480641
  y: 5.0
  z: -142.3033537802202
  yaw: -93.90126
  pitch: 6.7500587
money: '100.0'
logoutlocation:
  world: world
  x: 811.044599282383
  y: 5.0
  z: -140.7944290518024
  yaw: -39.900887
  pitch: 66.450096
