timestamps:
  login: 1487324976923
  lastteleport: 1487323921661
  logout: 1487324902575
ipAddress: 192.168.0.102
lastlocation:
  world: world
  x: 804.3271182731602
  y: 5.0
  z: -142.94740168370578
  yaw: -94.2015
  pitch: 32.54998
afk: false
logoutlocation:
  world: world
  x: 799.3000000119209
  y: 9.0
  z: -142.2593005262931
  yaw: -96.90149
  pitch: 89.4
socialspy: false
