timestamps:
  login: 1487316441399
  lastteleport: 1487317397195
ipAddress: 192.168.0.102
lastlocation:
  world: world
  x: 829.6187652067279
  y: 4.0
  z: -146.70407832074244
  yaw: 15.747358
  pitch: 12.000178
money: '100.0'
afk: true
