timestamps:
  login: 1488427559495
  lastteleport: 1488425899034
  logout: 1488425835980
ipAddress: 218.19.99.229
lastlocation:
  world: world
  x: 922.7204032080689
  y: 121.2666068558298
  z: -1188.6819883069547
  yaw: 28.347069
  pitch: 46.80021
money: '100.0'
afk: true
